%%MatrixMarket matrix coordinate real general
% Unsymmetric matrix by default
406 406 37276 0
0 0 1.575748e+11
0 1 2.168803e+10
0 2 -5.422009e+10
0 3 8.892094e+10
0 4 5.795940e+09
0 5 5.205128e+10
0 6 3.365385e+08
0 7 7.635684e+10
0 8 8.974359e+08
0 9 -1.448985e+10
0 10 8.233974e+10
0 11 -8.974359e+08
0 12 2.243590e+09
0 13 5.392094e+10
0 14 -3.365385e+08
0 15 1.768697e+10
0 16 -5.795940e+09
0 17 1.448985e+10
0 18 4.999466e+10
0 19 7.478632e+08
0 20 8.413462e+08
0 21 -1.616880e+11
0 22 3.365385e+09
0 23 4.300214e+10
0 24 -7.702991e+09
0 25 -7.478632e+09
0 26 -8.465812e+10
0 27 -9.647436e+09
0 28 1.869658e+10
0 29 -5.018162e+10
0 30 -1.720085e+10
0 31 -8.413462e+09
0 32 -1.032799e+11
0 33 -1.271368e+10
0 34 3.178419e+10
0 35 -2.864316e+10
0 36 -7.478632e+09
0 37 5.085470e+09
0 38 7.478632e+09
0 39 -1.869658e+10
0 40 -6.162393e+10
0 41 3.739316e+09
0 42 1.869658e+10
0 43 -6.895299e+10
0 44 -1.278846e+10
0 45 -9.348291e+09
0 46 2.901709e+10
0 47 7.478632e+09
0 48 -4.767628e+10
0 49 -2.123932e+10
0 50 1.907051e+10
0 51 -1.869658e+10
0 52 -2.497863e+10
0 53 3.739316e+09
0 54 3.197115e+10
0 55 0.000000e+00
0 56 0.000000e+00
0 57 0.000000e+00
0 58 0.000000e+00
0 59 0.000000e+00
0 60 0.000000e+00
0 61 0.000000e+00
0 62 0.000000e+00
0 63 0.000000e+00
0 64 0.000000e+00
0 65 0.000000e+00
0 66 0.000000e+00
0 67 0.000000e+00
0 68 0.000000e+00
0 69 0.000000e+00
0 70 0.000000e+00
0 71 0.000000e+00
0 72 0.000000e+00
0 73 0.000000e+00
0 74 -0.000000e+00
0 75 0.000000e+00
0 76 0.000000e+00
0 77 0.000000e+00
0 78 0.000000e+00
0 79 0.000000e+00
0 80 -0.000000e+00
0 81 0.000000e+00
0 82 0.000000e+00
0 83 0.000000e+00
0 84 0.000000e+00
0 85 -0.000000e+00
0 86 0.000000e+00
0 87 0.000000e+00
0 88 0.000000e+00
0 89 0.000000e+00
0 90 0.000000e+00
0 91 0.000000e+00
0 92 0.000000e+00
0 93 0.000000e+00
0 94 0.000000e+00
0 95 0.000000e+00
0 96 0.000000e+00
0 97 0.000000e+00
0 98 0.000000e+00
0 99 0.000000e+00
0 100 0.000000e+00
0 101 0.000000e+00
0 102 0.000000e+00
0 103 0.000000e+00
0 104 0.000000e+00
0 105 0.000000e+00
0 106 0.000000e+00
0 107 0.000000e+00
0 108 0.000000e+00
0 109 0.000000e+00
0 110 0.000000e+00
0 111 0.000000e+00
0 112 0.000000e+00
0 113 0.000000e+00
0 114 -0.000000e+00
0 115 0.000000e+00
0 116 0.000000e+00
0 117 0.000000e+00
0 118 0.000000e+00
0 119 -0.000000e+00
0 120 0.000000e+00
0 121 0.000000e+00
0 122 0.000000e+00
0 123 0.000000e+00
0 124 0.000000e+00
0 125 0.000000e+00
0 126 0.000000e+00
0 127 0.000000e+00
0 128 0.000000e+00
0 129 0.000000e+00
0 130 0.000000e+00
0 131 0.000000e+00
0 132 0.000000e+00
0 133 0.000000e+00
0 134 0.000000e+00
0 135 0.000000e+00
0 136 0.000000e+00
0 137 0.000000e+00
0 138 0.000000e+00
0 139 0.000000e+00
0 140 0.000000e+00
0 141 0.000000e+00
0 142 -0.000000e+00
0 143 0.000000e+00
0 144 0.000000e+00
0 145 0.000000e+00
0 146 0.000000e+00
0 147 0.000000e+00
0 148 0.000000e+00
0 149 0.000000e+00
0 150 0.000000e+00
0 151 0.000000e+00
0 152 0.000000e+00
0 153 0.000000e+00
0 154 0.000000e+00
0 155 0.000000e+00
0 156 0.000000e+00
0 157 0.000000e+00
0 158 0.000000e+00
0 159 0.000000e+00
0 160 0.000000e+00
0 161 0.000000e+00
0 162 0.000000e+00
0 163 0.000000e+00
0 164 0.000000e+00
0 165 0.000000e+00
0 166 0.000000e+00
0 167 0.000000e+00
0 168 0.000000e+00
0 169 0.000000e+00
0 170 0.000000e+00
0 171 0.000000e+00
0 172 -0.000000e+00
0 173 0.000000e+00
0 174 0.000000e+00
0 175 0.000000e+00
0 176 0.000000e+00
0 177 0.000000e+00
0 178 0.000000e+00
0 179 0.000000e+00
0 180 0.000000e+00
0 181 -0.000000e+00
0 182 0.000000e+00
0 183 0.000000e+00
0 184 0.000000e+00
0 185 -0.000000e+00
0 186 0.000000e+00
0 187 0.000000e+00
0 188 0.000000e+00
0 210 0.000000e+00
0 211 -0.000000e+00
0 212 0.000000e+00
0 213 0.000000e+00
0 214 0.000000e+00
0 215 0.000000e+00
0 216 0.000000e+00
0 217 0.000000e+00
0 218 0.000000e+00
0 219 0.000000e+00
0 220 0.000000e+00
0 221 0.000000e+00
0 225 0.000000e+00
0 226 0.000000e+00
0 227 -0.000000e+00
0 231 0.000000e+00
0 232 -0.000000e+00
0 233 0.000000e+00
0 234 0.000000e+00
0 235 0.000000e+00
0 236 0.000000e+00
0 237 -0.000000e+00
0 238 0.000000e+00
0 239 0.000000e+00
0 240 0.000000e+00
0 241 0.000000e+00
0 242 0.000000e+00
0 243 0.000000e+00
0 244 0.000000e+00
0 245 0.000000e+00
0 246 0.000000e+00
0 247 0.000000e+00
0 248 0.000000e+00
0 249 0.000000e+00
0 250 0.000000e+00
0 251 0.000000e+00
0 252 0.000000e+00
0 253 0.000000e+00
0 254 0.000000e+00
0 255 0.000000e+00
0 256 0.000000e+00
0 257 0.000000e+00
0 258 0.000000e+00
0 259 0.000000e+00
0 260 0.000000e+00
0 261 0.000000e+00
0 262 0.000000e+00
0 263 0.000000e+00
0 264 0.000000e+00
0 265 0.000000e+00
0 266 0.000000e+00
0 267 -0.000000e+00
0 268 0.000000e+00
0 269 0.000000e+00
0 270 0.000000e+00
0 271 0.000000e+00
0 272 0.000000e+00
0 273 0.000000e+00
0 274 0.000000e+00
0 275 0.000000e+00
0 276 0.000000e+00
0 277 0.000000e+00
0 278 0.000000e+00
0 279 0.000000e+00
0 280 0.000000e+00
0 281 0.000000e+00
0 282 0.000000e+00
0 283 0.000000e+00
0 284 0.000000e+00
0 285 0.000000e+00
0 286 0.000000e+00
0 287 0.000000e+00
0 288 0.000000e+00
0 289 0.000000e+00
0 296 0.000000e+00
0 297 0.000000e+00
0 298 0.000000e+00
0 299 0.000000e+00
0 300 0.000000e+00
0 301 0.000000e+00
0 302 0.000000e+00
0 303 0.000000e+00
0 304 0.000000e+00
0 305 0.000000e+00
0 306 0.000000e+00
0 307 0.000000e+00
0 308 0.000000e+00
0 309 0.000000e+00
0 310 0.000000e+00
0 311 0.000000e+00
0 312 0.000000e+00
0 313 0.000000e+00
0 314 0.000000e+00
0 315 0.000000e+00
0 316 0.000000e+00
0 317 0.000000e+00
0 318 0.000000e+00
0 319 0.000000e+00
0 320 0.000000e+00
0 321 0.000000e+00
0 322 0.000000e+00
0 323 0.000000e+00
0 324 0.000000e+00
0 325 0.000000e+00
0 326 0.000000e+00
0 327 0.000000e+00
0 328 0.000000e+00
0 329 0.000000e+00
0 330 0.000000e+00
0 331 0.000000e+00
0 332 -0.000000e+00
0 333 0.000000e+00
0 334 0.000000e+00
0 335 0.000000e+00
0 336 0.000000e+00
0 337 0.000000e+00
0 338 0.000000e+00
0 339 0.000000e+00
0 340 0.000000e+00
0 341 0.000000e+00
0 342 0.000000e+00
0 343 0.000000e+00
0 344 0.000000e+00
0 345 0.000000e+00
0 346 0.000000e+00
0 347 0.000000e+00
0 348 0.000000e+00
0 349 0.000000e+00
0 350 0.000000e+00
0 351 0.000000e+00
0 352 0.000000e+00
0 353 0.000000e+00
0 354 0.000000e+00
0 355 0.000000e+00
0 356 0.000000e+00
0 357 0.000000e+00
0 358 0.000000e+00
0 359 0.000000e+00
0 360 0.000000e+00
0 361 0.000000e+00
0 362 0.000000e+00
0 363 0.000000e+00
0 364 0.000000e+00
0 365 0.000000e+00
0 366 0.000000e+00
0 367 0.000000e+00
0 368 0.000000e+00
0 369 0.000000e+00
0 370 0.000000e+00
0 371 0.000000e+00
0 372 0.000000e+00
0 373 0.000000e+00
0 374 0.000000e+00
0 375 0.000000e+00
0 376 0.000000e+00
0 377 0.000000e+00
0 378 0.000000e+00
0 379 0.000000e+00
0 380 0.000000e+00
0 381 0.000000e+00
0 382 0.000000e+00
0 383 0.000000e+00
0 384 0.000000e+00
0 385 0.000000e+00
0 386 0.000000e+00
0 387 0.000000e+00
0 388 0.000000e+00
0 389 0.000000e+00
0 390 0.000000e+00
0 391 0.000000e+00
0 392 0.000000e+00
0 393 0.000000e+00
0 394 0.000000e+00
0 395 0.000000e+00
0 396 0.000000e+00
0 397 0.000000e+00
0 398 0.000000e+00
0 399 0.000000e+00
0 400 0.000000e+00
0 401 0.000000e+00
0 402 0.000000e+00
0 403 0.000000e+00
0 404 0.000000e+00
0 405 0.000000e+00
1 0 2.168803e+10
1 1 1.575748e+11
1 2 -5.422009e+10
1 3 5.795940e+09
1 4 8.892094e+10
1 5 -3.365385e+08
1 6 5.392094e+10
1 7 -8.974359e+08
1 8 8.233974e+10
1 9 2.243590e+09
1 10 8.974359e+08
1 11 7.635684e+10
1 12 -1.448985e+10
1 13 3.365385e+08
1 14 5.205128e+10
1 15 -5.795940e+09
1 16 1.768697e+10
1 17 1.448985e+10
1 18 7.478632e+08
1 19 4.999466e+10
1 20 8.413462e+08
1 21 3.365385e+09
1 22 -1.616880e+11
1 23 4.300214e+10
1 24 -7.478632e+09
1 25 -2.864316e+10
1 26 -1.278846e+10
1 27 -6.895299e+10
1 28 -9.348291e+09
1 29 -1.271368e+10
1 30 -1.032799e+11
1 31 3.178419e+10
1 32 -1.720085e+10
1 33 -5.018162e+10
1 34 -8.413462e+09
1 35 -7.478632e+09
1 36 -7.702991e+09
1 37 7.478632e+09
1 38 2.901709e+10
1 39 -4.767628e+10
1 40 3.739316e+09
1 41 -2.497863e+10
1 42 3.197115e+10
1 43 -9.647436e+09
1 44 -8.465812e+10
1 45 1.869658e+10
1 46 7.478632e+09
1 47 5.085470e+09
1 48 -1.869658e+10
1 49 1.907051e+10
1 50 -2.123932e+10
1 51 -1.869658e+10
1 52 3.739316e+09
1 53 -6.162393e+10
1 54 1.869658e+10
2 0 -5.422009e+10
2 1 -5.422009e+10
2 2 3.499626e+11
2 3 2.243590e+09
2 4 2.243590e+09
2 5 8.413462e+08
2 6 -1.869658e+09
2 7 -1.448985e+10
2 8 -2.243590e+09
2 9 1.666613e+11
2 10 -2.243590e+09
2 11 -1.448985e+10
2 12 1.666613e+11
2 13 -1.869658e+09
2 14 8.413462e+08
2 15 1.448985e+10
2 16 1.448985e+10
2 17 3.928152e+10
2 18 -8.413462e+08
2 19 -8.413462e+08
2 20 1.050561e+11
2 21 3.178419e+10
2 22 3.178419e+10
2 23 -5.288889e+11
2 24 3.197115e+10
2 25 -9.348291e+09
2 26 1.869658e+10
2 27 -9.348291e+09
2 28 -2.626496e+11
2 29 -8.413462e+09
2 30 4.300214e+10
2 31 -8.551816e+10
2 32 4.300214e+10
2 33 -8.413462e+09
2 34 -8.551816e+10
2 35 -9.348291e+09
2 36 3.197115e+10
2 37 -1.869658e+10
2 38 -4.767628e+10
2 39 7.613248e+10
2 40 1.869658e+10
2 41 2.411859e+10
2 42 -8.779915e+10
2 43 -9.348291e+09
2 44 1.869658e+10
2 45 -2.626496e+11
2 46 -4.767628e+10
2 47 -1.869658e+10
2 48 7.613248e+10
2 49 -1.869658e+10
2 50 -1.869658e+10
2 51 -1.236966e+11
2 52 2.411859e+10
2 53 1.869658e+10
2 54 -8.779915e+10
3 0 8.892094e+10
3 1 5.795940e+09
3 2 2.243590e+09
3 3 1.575748e+11
3 4 2.168803e+10
3 5 7.635684e+10
3 6 8.974359e+08
3 7 5.205128e+10
3 8 3.365385e+08
3 9 8.413462e+08
3 10 5.392094e+10
3 11 -3.365385e+08
3 12 1.869658e+09
3 13 8.233974e+10
3 14 -8.974359e+08
3 15 4.999466e+10
3 16 7.478632e+08
3 17 -8.413462e+08
3 18 1.768697e+10
3 19 -5.795940e+09
3 20 -1.448985e+10
3 21 -1.616880e+11
3 22 3.365385e+09
3 23 -4.300214e+10
3 24 -5.018162e+10
3 25 -1.720085e+10
3 26 -8.465812e+10
3 27 -9.647436e+09
3 28 -1.869658e+10
3 29 -7.702991e+09
3 30 -7.478632e+09
3 31 -2.411859e+10
3 32 -2.864316e+10
3 33 -7.478632e+09
3 34 9.348291e+09
3 35 -1.032799e+11
3 36 -1.271368e+10
3 37 -6.162393e+10
3 38 3.739316e+09
3 39 -1.869658e+10
3 40 5.085470e+09
3 41 7.478632e+09
3 42 1.869658e+10
3 43 -6.895299e+10
3 44 -1.278846e+10
3 45 9.348291e+09
3 46 -2.497863e+10
3 47 3.739316e+09
3 48 -3.197115e+10
3 49 -2.123932e+10
3 50 1.907051e+10
3 51 1.869658e+10
3 52 2.901709e+10
3 53 7.478632e+09
3 54 4.767628e+10
4 0 5.795940e+09
4 1 8.892094e+10
4 2 2.243590e+09
4 3 2.168803e+10
4 4 1.575748e+11
4 5 -8.974359e+08
4 6 8.233974e+10
4 7 -3.365385e+08
4 8 5.392094e+10
4 9 1.869658e+09
4 10 3.365385e+08
4 11 5.205128e+10
4 12 8.413462e+08
4 13 8.974359e+08
4 14 7.635684e+10
4 15 7.478632e+08
4 16 4.999466e+10
4 17 -8.413462e+08
4 18 -5.795940e+09
4 19 1.768697e+10
4 20 -1.448985e+10
4 21 3.365385e+09
4 22 -1.616880e+11
4 23 -4.300214e+10
4 24 -1.271368e+10
4 25 -1.032799e+11
4 26 -1.278846e+10
4 27 -6.895299e+10
4 28 9.348291e+09
4 29 -7.478632e+09
4 30 -2.864316e+10
4 31 9.348291e+09
4 32 -7.478632e+09
4 33 -7.702991e+09
4 34 -2.411859e+10
4 35 -1.720085e+10
4 36 -5.018162e+10
4 37 3.739316e+09
4 38 -2.497863e+10
4 39 -3.197115e+10
4 40 7.478632e+09
4 41 2.901709e+10
4 42 4.767628e+10
4 43 -9.647436e+09
4 44 -8.465812e+10
4 45 -1.869658e+10
4 46 3.739316e+09
4 47 -6.162393e+10
4 48 -1.869658e+10
4 49 1.907051e+10
4 50 -2.123932e+10
4 51 1.869658e+10
4 52 7.478632e+09
4 53 5.085470e+09
4 54 1.869658e+10
5 0 5.205128e+10
5 1 -3.365385e+08
5 2 8.413462e+08
5 3 7.635684e+10
5 4 -8.974359e+08
5 5 3.151496e+11
5 6 -1.144409e-05
5 7 1.778419e+11
5 8 0.000000e+00
5 9 4.487179e+09
5 10 1.768697e+10
5 11 5.795940e+09
5 12 -1.448985e+10
5 13 4.999466e+10
5 14 -7.478632e+08
5 15 1.646795e+11
5 16 -5.960464e-07
5 17 -4.487179e+09
5 18 1.078419e+11
5 19 2.026558e-06
5 20 3.739316e+09
5 21 -8.465812e+10
5 22 9.647436e+09
5 23 -1.869658e+10
5 24 -5.018162e+10
5 25 1.720085e+10
5 26 -3.233761e+11
5 27 4.291534e-06
5 28 -8.600427e+10
5 29 -7.702991e+09
5 30 7.478632e+09
5 31 -2.411859e+10
5 32 5.085470e+09
5 33 -7.478632e+09
5 34 1.869658e+10
5 35 -6.162393e+10
5 36 -3.739316e+09
5 37 -2.065598e+11
5 38 5.722046e-06
5 39 -6.356838e+10
5 40 -5.728632e+10
5 41 -3.814697e-06
5 42 1.869658e+10
5 43 -2.123932e+10
5 44 -1.907051e+10
5 45 1.869658e+10
5 46 -2.497863e+10
5 47 -3.739316e+09
5 48 -3.197115e+10
5 49 -1.379060e+11
5 50 3.814697e-06
5 51 1.869658e+10
5 52 2.901709e+10
5 53 -7.478632e+09
5 54 4.767628e+10
5 55 7.635684e+10
5 56 8.974359e+08
5 57 5.205128e+10
5 58 3.365385e+08
5 59 8.413462e+08
5 60 4.999466e+10
5 61 7.478632e+08
5 62 -8.413462e+08
5 63 1.768697e+10
5 64 -5.795940e+09
5 65 -1.448985e+10
5 66 -5.018162e+10
5 67 -1.720085e+10
5 68 -8.465812e+10
5 69 -9.647436e+09
5 70 -1.869658e+10
5 71 -7.702991e+09
5 72 -7.478632e+09
5 73 -2.411859e+10
5 74 -6.162393e+10
5 75 3.739316e+09
5 76 -1.869658e+10
5 77 5.085470e+09
5 78 7.478632e+09
5 79 1.869658e+10
5 80 -2.497863e+10
5 81 3.739316e+09
5 82 -3.197115e+10
5 83 -2.123932e+10
5 84 1.907051e+10
5 85 1.869658e+10
5 86 2.901709e+10
5 87 7.478632e+09
5 88 4.767628e+10
6 0 3.365385e+08
6 1 5.392094e+10
6 2 -1.869658e+09
6 3 8.974359e+08
6 4 8.233974e+10
6 5 -7.629395e-06
6 6 3.151496e+11
6 7 9.536743e-07
6 8 1.778419e+11
6 9 -2.145767e-05
6 10 5.795940e+09
6 11 1.768697e+10
6 12 1.448985e+10
6 13 -7.478632e+08
6 14 4.999466e+10
6 15 -9.536743e-07
6 16 1.527137e+11
6 17 9.536743e-06
6 18 2.741814e-06
6 19 1.041026e+11
6 20 1.335144e-05
6 21 1.278846e+10
6 22 -6.895299e+10
6 23 -9.348291e+09
6 24 1.271368e+10
6 25 -1.032799e+11
6 26 5.722046e-06
6 27 -3.233761e+11
6 28 5.340576e-05
6 29 7.478632e+09
6 30 -2.864316e+10
6 31 -9.348291e+09
6 32 -7.478632e+09
6 33 2.901709e+10
6 34 -4.767628e+10
6 35 -3.739316e+09
6 36 -2.497863e+10
6 37 1.144409e-05
6 38 -1.003632e+11
6 39 3.814697e-06
6 40 -5.722046e-06
6 41 -1.540598e+10
6 42 -1.144409e-05
6 43 -1.907051e+10
6 44 -2.123932e+10
6 45 -1.869658e+10
6 46 -3.739316e+09
6 47 -6.162393e+10
6 48 1.869658e+10
6 49 1.907349e-06
6 50 -1.693162e+11
6 51 0.000000e+00
6 52 -7.478632e+09
6 53 5.085470e+09
6 54 -1.869658e+10
6 55 -8.974359e+08
6 56 8.233974e+10
6 57 -3.365385e+08
6 58 5.392094e+10
6 59 1.869658e+09
6 60 7.478632e+08
6 61 4.999466e+10
6 62 -8.413462e+08
6 63 -5.795940e+09
6 64 1.768697e+10
6 65 -1.448985e+10
6 66 -1.271368e+10
6 67 -1.032799e+11
6 68 -1.278846e+10
6 69 -6.895299e+10
6 70 9.348291e+09
6 71 -7.478632e+09
6 72 -2.864316e+10
6 73 9.348291e+09
6 74 3.739316e+09
6 75 -2.497863e+10
6 76 -3.197115e+10
6 77 7.478632e+09
6 78 2.901709e+10
6 79 4.767628e+10
6 80 3.739316e+09
6 81 -6.162393e+10
6 82 -1.869658e+10
6 83 1.907051e+10
6 84 -2.123932e+10
6 85 1.869658e+10
6 86 7.478632e+09
6 87 5.085470e+09
6 88 1.869658e+10
7 0 7.635684e+10
7 1 -8.974359e+08
7 2 -1.448985e+10
7 3 5.205128e+10
7 4 -3.365385e+08
7 5 1.778419e+11
7 6 -1.907349e-06
7 7 3.151496e+11
7 8 7.629395e-06
7 9 -1.084402e+11
7 10 4.999466e+10
7 11 -7.478632e+08
7 12 8.413462e+08
7 13 1.768697e+10
7 14 5.795940e+09
7 15 1.078419e+11
7 16 5.960464e-07
7 17 -3.739316e+09
7 18 1.646795e+11
7 19 4.649162e-06
7 20 4.487179e+09
7 21 -8.465812e+10
7 22 9.647436e+09
7 23 1.869658e+10
7 24 -7.702991e+09
7 25 7.478632e+09
7 26 -3.233761e+11
7 27 4.768372e-06
7 28 8.600427e+10
7 29 -5.018162e+10
7 30 1.720085e+10
7 31 -8.413462e+09
7 32 -6.162393e+10
7 33 -3.739316e+09
7 34 1.869658e+10
7 35 5.085470e+09
7 36 -7.478632e+09
7 37 -5.728632e+10
7 38 -3.814697e-06
7 39 -1.869658e+10
7 40 -2.065598e+11
7 41 1.907349e-06
7 42 6.356838e+10
7 43 -2.123932e+10
7 44 -1.907051e+10
7 45 -1.869658e+10
7 46 2.901709e+10
7 47 -7.478632e+09
7 48 -4.767628e+10
7 49 -1.379060e+11
7 50 5.722046e-06
7 51 -1.869658e+10
7 52 -2.497863e+10
7 53 -3.739316e+09
7 54 3.197115e+10
7 55 5.205128e+10
7 56 3.365385e+08
7 57 7.635684e+10
7 58 8.974359e+08
7 59 -1.448985e+10
7 60 1.768697e+10
7 61 -5.795940e+09
7 62 1.448985e+10
7 63 4.999466e+10
7 64 7.478632e+08
7 65 8.413462e+08
7 66 -7.702991e+09
7 67 -7.478632e+09
7 68 -8.465812e+10
7 69 -9.647436e+09
7 70 1.869658e+10
7 71 -5.018162e+10
7 72 -1.720085e+10
7 73 -8.413462e+09
7 74 5.085470e+09
7 75 7.478632e+09
7 76 -1.869658e+10
7 77 -6.162393e+10
7 78 3.739316e+09
7 79 1.869658e+10
7 80 2.901709e+10
7 81 7.478632e+09
7 82 -4.767628e+10
7 83 -2.123932e+10
7 84 1.907051e+10
7 85 -1.869658e+10
7 86 -2.497863e+10
7 87 3.739316e+09
7 88 3.197115e+10
8 0 8.974359e+08
8 1 8.233974e+10
8 2 -2.243590e+09
8 3 3.365385e+08
8 4 5.392094e+10
8 5 9.536743e-07
8 6 1.778419e+11
8 7 7.629395e-06
8 8 3.151496e+11
8 9 -1.068115e-04
8 10 -7.478632e+08
8 11 4.999466e+10
8 12 -8.413462e+08
8 13 5.795940e+09
8 14 1.768697e+10
8 15 1.728535e-06
8 16 1.041026e+11
8 17 -1.192093e-06
8 18 5.125999e-06
8 19 1.527137e+11
8 20 1.525879e-05
8 21 1.278846e+10
8 22 -6.895299e+10
8 23 9.348291e+09
8 24 7.478632e+09
8 25 -2.864316e+10
8 26 7.629395e-06
8 27 -3.233761e+11
8 28 2.288818e-05
8 29 1.271368e+10
8 30 -1.032799e+11
8 31 -3.178419e+10
8 32 -3.739316e+09
8 33 -2.497863e+10
8 34 -3.197115e+10
8 35 -7.478632e+09
8 36 2.901709e+10
8 37 -5.722046e-06
8 38 -1.540598e+10
8 39 0.000000e+00
8 40 -3.814697e-06
8 41 -1.003632e+11
8 42 -6.675720e-06
8 43 -1.907051e+10
8 44 -2.123932e+10
8 45 1.869658e+10
8 46 -7.478632e+09
8 47 5.085470e+09
8 48 1.869658e+10
8 49 0.000000e+00
8 50 -1.693162e+11
8 51 -1.907349e-05
8 52 -3.739316e+09
8 53 -6.162393e+10
8 54 -1.869658e+10
8 55 -3.365385e+08
8 56 5.392094e+10
8 57 -8.974359e+08
8 58 8.233974e+10
8 59 2.243590e+09
8 60 -5.795940e+09
8 61 1.768697e+10
8 62 1.448985e+10
8 63 7.478632e+08
8 64 4.999466e+10
8 65 8.413462e+08
8 66 -7.478632e+09
8 67 -2.864316e+10
8 68 -1.278846e+10
8 69 -6.895299e+10
8 70 -9.348291e+09
8 71 -1.271368e+10
8 72 -1.032799e+11
8 73 3.178419e+10
8 74 7.478632e+09
8 75 2.901709e+10
8 76 -4.767628e+10
8 77 3.739316e+09
8 78 -2.497863e+10
8 79 3.197115e+10
8 80 7.478632e+09
8 81 5.085470e+09
8 82 -1.869658e+10
8 83 1.907051e+10
8 84 -2.123932e+10
8 85 -1.869658e+10
8 86 3.739316e+09
8 87 -6.162393e+10
8 88 1.869658e+10
9 0 -1.448985e+10
9 1 2.243590e+09
9 2 1.666613e+11
9 3 8.413462e+08
9 4 1.869658e+09
9 5 4.487179e+09
9 6 -2.241135e-05
9 7 -1.084402e+11
9 8 -1.220703e-04
9 9 6.999252e+11
9 10 -8.413462e+08
9 11 8.413462e+08
9 12 1.050561e+11
9 13 1.448985e+10
9 14 -1.448985e+10
9 15 -3.739316e+09
9 16 -6.437302e-06
9 17 2.413355e+11
9 18 -4.487179e+09
9 19 1.144409e-05
9 20 3.333226e+11
9 21 1.869658e+10
9 22 9.348291e+09
9 23 -2.626496e+11
9 24 3.197115e+10
9 25 9.348291e+09
9 26 6.356838e+10
9 27 7.629395e-06
9 28 -1.057778e+12
9 29 -8.413462e+09
9 30 -4.300214e+10
9 31 -8.551816e+10
9 32 1.869658e+10
9 33 -2.411859e+10
9 34 -8.779915e+10
9 35 -1.869658e+10
9 36 4.767628e+10
9 37 -1.869658e+10
9 38 1.907349e-05
9 39 8.667735e+10
9 40 8.600427e+10
9 41 -1.430511e-05
9 42 -1.710363e+11
9 43 -1.869658e+10
9 44 1.869658e+10
9 45 -1.236966e+11
9 46 -4.767628e+10
9 47 1.869658e+10
9 48 7.613248e+10
9 49 -1.869658e+10
9 50 -1.907349e-05
9 51 -5.252991e+11
9 52 2.411859e+10
9 53 -1.869658e+10
9 54 -8.779915e+10
9 55 8.413462e+08
9 56 -1.869658e+09
9 57 -1.448985e+10
9 58 -2.243590e+09
9 59 1.666613e+11
9 60 1.448985e+10
9 61 1.448985e+10
9 62 3.928152e+10
9 63 -8.413462e+08
9 64 -8.413462e+08
9 65 1.050561e+11
9 66 3.197115e+10
9 67 -9.348291e+09
9 68 1.869658e+10
9 69 -9.348291e+09
9 70 -2.626496e+11
9 71 -8.413462e+09
9 72 4.300214e+10
9 73 -8.551816e+10
9 74 -1.869658e+10
9 75 -4.767628e+10
9 76 7.613248e+10
9 77 1.869658e+10
9 78 2.411859e+10
9 79 -8.779915e+10
9 80 -4.767628e+10
9 81 -1.869658e+10
9 82 7.613248e+10
9 83 -1.869658e+10
9 84 -1.869658e+10
9 85 -1.236966e+11
9 86 2.411859e+10
9 87 1.869658e+10
9 88 -8.779915e+10
10 0 8.233974e+10
10 1 8.974359e+08
10 2 -2.243590e+09
10 3 5.392094e+10
10 4 3.365385e+08
10 5 1.768697e+10
10 6 5.795940e+09
10 7 4.999466e+10
10 8 -7.478632e+08
10 9 -8.413462e+08
10 10 3.151496e+11
10 11 1.525879e-05
10 12 -3.814697e-05
10 13 1.778419e+11
10 14 -2.861023e-06
10 15 1.041026e+11
10 16 -4.768372e-06
10 17 6.437302e-06
10 18 1.527137e+11
10 19 -3.814697e-06
10 20 -1.144409e-05
10 21 -6.895299e+10
10 22 1.278846e+10
10 23 9.348291e+09
10 24 2.901709e+10
10 25 -7.478632e+09
10 26 -2.123932e+10
10 27 -1.907051e+10
10 28 1.869658e+10
10 29 -2.497863e+10
10 30 -3.739316e+09
10 31 -3.197115e+10
10 32 -1.032799e+11
10 33 1.271368e+10
10 34 -3.178419e+10
10 35 -2.864316e+10
10 36 7.478632e+09
10 37 5.085470e+09
10 38 -7.478632e+09
10 39 1.869658e+10
10 40 -6.162393e+10
10 41 -3.739316e+09
10 42 -1.869658e+10
10 43 -3.233761e+11
10 44 1.144409e-05
10 45 -3.051758e-05
10 46 -1.540598e+10
10 47 1.525879e-05
10 48 -3.814697e-06
10 49 -1.693162e+11
10 50 -9.536743e-06
10 51 -7.629395e-06
10 52 -1.003632e+11
10 53 3.051758e-05
10 54 -2.193451e-05
10 155 8.233974e+10
10 156 -8.974359e+08
10 157 2.243590e+09
10 158 5.392094e+10
10 159 -3.365385e+08
10 160 1.768697e+10
10 161 -5.795940e+09
10 162 1.448985e+10
10 163 4.999466e+10
10 164 7.478632e+08
10 165 8.413462e+08
10 166 -1.032799e+11
10 167 -1.271368e+10
10 168 3.178419e+10
10 169 -2.864316e+10
10 170 -7.478632e+09
10 171 5.085470e+09
10 172 7.478632e+09
10 173 -1.869658e+10
10 174 -6.162393e+10
10 175 3.739316e+09
10 176 1.869658e+10
10 177 -6.895299e+10
10 178 -1.278846e+10
10 179 -9.348291e+09
10 180 2.901709e+10
10 181 7.478632e+09
10 182 -4.767628e+10
10 183 -2.123932e+10
10 184 1.907051e+10
10 185 -1.869658e+10
10 186 -2.497863e+10
10 187 3.739316e+09
10 188 3.197115e+10
11 0 -8.974359e+08
11 1 7.635684e+10
11 2 -1.448985e+10
11 3 -3.365385e+08
11 4 5.205128e+10
11 5 5.795940e+09
11 6 1.768697e+10
11 7 -7.478632e+08
11 8 4.999466e+10
11 9 8.413462e+08
11 10 1.525879e-05
11 11 3.151496e+11
11 12 -1.084402e+11
11 13 -1.907349e-06
11 14 1.778419e+11
11 15 -4.529953e-06
11 16 1.078419e+11
11 17 -3.739316e+09
11 18 -3.337860e-06
11 19 1.646795e+11
11 20 4.487179e+09
11 21 9.647436e+09
11 22 -8.465812e+10
11 23 1.869658e+10
11 24 -7.478632e+09
11 25 5.085470e+09
11 26 -1.907051e+10
11 27 -2.123932e+10
11 28 -1.869658e+10
11 29 -3.739316e+09
11 30 -6.162393e+10
11 31 1.869658e+10
11 32 1.720085e+10
11 33 -5.018162e+10
11 34 -8.413462e+09
11 35 7.478632e+09
11 36 -7.702991e+09
11 37 -7.478632e+09
11 38 2.901709e+10
11 39 -4.767628e+10
11 40 -3.739316e+09
11 41 -2.497863e+10
11 42 3.197115e+10
11 43 1.001358e-05
11 44 -3.233761e+11
11 45 8.600427e+10
11 46 1.239777e-05
11 47 -5.728632e+10
11 48 -1.869658e+10
11 49 -7.629395e-06
11 50 -1.379060e+11
11 51 -1.869658e+10
11 52 1.907349e-05
11 53 -2.065598e+11
11 54 6.356838e+10
11 155 8.974359e+08
11 156 7.635684e+10
11 157 -1.448985e+10
11 158 3.365385e+08
11 159 5.205128e+10
11 160 -5.795940e+09
11 161 1.768697e+10
11 162 1.448985e+10
11 163 7.478632e+08
11 164 4.999466e+10
11 165 8.413462e+08
11 166 -1.720085e+10
11 167 -5.018162e+10
11 168 -8.413462e+09
11 169 -7.478632e+09
11 170 -7.702991e+09
11 171 7.478632e+09
11 172 2.901709e+10
11 173 -4.767628e+10
11 174 3.739316e+09
11 175 -2.497863e+10
11 176 3.197115e+10
11 177 -9.647436e+09
11 178 -8.465812e+10
11 179 1.869658e+10
11 180 7.478632e+09
11 181 5.085470e+09
11 182 -1.869658e+10
11 183 1.907051e+10
11 184 -2.123932e+10
11 185 -1.869658e+10
11 186 3.739316e+09
11 187 -6.162393e+10
11 188 1.869658e+10
12 0 2.243590e+09
12 1 -1.448985e+10
12 2 1.666613e+11
12 3 1.869658e+09
12 4 8.413462e+08
12 5 -1.448985e+10
12 6 1.448985e+10
12 7 8.413462e+08
12 8 -8.413462e+08
12 9 1.050561e+11
12 10 -3.814697e-05
12 11 -1.084402e+11
12 12 6.999252e+11
12 13 1.049042e-05
12 14 4.487179e+09
12 15 8.344650e-07
12 16 -3.739316e+09
12 17 2.413355e+11
12 18 -9.536743e-06
12 19 -4.487179e+09
12 20 3.333226e+11
12 21 9.348291e+09
12 22 1.869658e+10
12 23 -2.626496e+11
12 24 4.767628e+10
12 25 -1.869658e+10
12 26 1.869658e+10
12 27 -1.869658e+10
12 28 -1.236966e+11
12 29 -2.411859e+10
12 30 1.869658e+10
12 31 -8.779915e+10
12 32 -4.300214e+10
12 33 -8.413462e+09
12 34 -8.551816e+10
12 35 9.348291e+09
12 36 3.197115e+10
12 37 1.869658e+10
12 38 -4.767628e+10
12 39 7.613248e+10
12 40 -1.869658e+10
12 41 2.411859e+10
12 42 -8.779915e+10
12 43 -1.144409e-05
12 44 6.356838e+10
12 45 -1.057778e+12
12 46 3.814697e-06
12 47 -1.869658e+10
12 48 8.667735e+10
12 49 -3.814697e-06
12 50 -1.869658e+10
12 51 -5.252991e+11
12 52 -2.861023e-05
12 53 8.600427e+10
12 54 -1.710363e+11
12 155 -2.243590e+09
12 156 -1.448985e+10
12 157 1.666613e+11
12 158 -1.869658e+09
12 159 8.413462e+08
12 160 1.448985e+10
12 161 1.448985e+10
12 162 3.928152e+10
12 163 -8.413462e+08
12 164 -8.413462e+08
12 165 1.050561e+11
12 166 4.300214e+10
12 167 -8.413462e+09
12 168 -8.551816e+10
12 169 -9.348291e+09
12 170 3.197115e+10
12 171 -1.869658e+10
12 172 -4.767628e+10
12 173 7.613248e+10
12 174 1.869658e+10
12 175 2.411859e+10
12 176 -8.779915e+10
12 177 -9.348291e+09
12 178 1.869658e+10
12 179 -2.626496e+11
12 180 -4.767628e+10
12 181 -1.869658e+10
12 182 7.613248e+10
12 183 -1.869658e+10
12 184 -1.869658e+10
12 185 -1.236966e+11
12 186 2.411859e+10
12 187 1.869658e+10
12 188 -8.779915e+10
13 0 5.392094e+10
13 1 3.365385e+08
13 2 -1.869658e+09
13 3 8.233974e+10
13 4 8.974359e+08
13 5 4.999466e+10
13 6 -7.478632e+08
13 7 1.768697e+10
13 8 5.795940e+09
13 9 1.448985e+10
13 10 1.778419e+11
13 11 0.000000e+00
13 12 1.001358e-05
13 13 3.151496e+11
13 14 1.907349e-05
13 15 1.527137e+11
13 16 -5.006790e-06
13 17 1.144409e-05
13 18 1.041026e+11
13 19 -3.933907e-06
13 20 -2.264977e-06
13 21 -6.895299e+10
13 22 1.278846e+10
13 23 -9.348291e+09
13 24 -2.497863e+10
13 25 -3.739316e+09
13 26 -2.123932e+10
13 27 -1.907051e+10
13 28 -1.869658e+10
13 29 2.901709e+10
13 30 -7.478632e+09
13 31 -4.767628e+10
13 32 -2.864316e+10
13 33 7.478632e+09
13 34 -9.348291e+09
13 35 -1.032799e+11
13 36 1.271368e+10
13 37 -6.162393e+10
13 38 -3.739316e+09
13 39 1.869658e+10
13 40 5.085470e+09
13 41 -7.478632e+09
13 42 -1.869658e+10
13 43 -3.233761e+11
13 44 1.716614e-05
13 45 7.629395e-06
13 46 -1.003632e+11
13 47 1.907349e-05
13 48 3.814697e-06
13 49 -1.693162e+11
13 50 -9.536743e-06
13 51 -3.814697e-06
13 52 -1.540598e+10
13 53 1.049042e-05
13 54 -2.670288e-05
13 155 5.392094e+10
13 156 -3.365385e+08
13 157 1.869658e+09
13 158 8.233974e+10
13 159 -8.974359e+08
13 160 4.999466e+10
13 161 7.478632e+08
13 162 -8.413462e+08
13 163 1.768697e+10
13 164 -5.795940e+09
13 165 -1.448985e+10
13 166 -2.864316e+10
13 167 -7.478632e+09
13 168 9.348291e+09
13 169 -1.032799e+11
13 170 -1.271368e+10
13 171 -6.162393e+10
13 172 3.739316e+09
13 173 -1.869658e+10
13 174 5.085470e+09
13 175 7.478632e+09
13 176 1.869658e+10
13 177 -6.895299e+10
13 178 -1.278846e+10
13 179 9.348291e+09
13 180 -2.497863e+10
13 181 3.739316e+09
13 182 -3.197115e+10
13 183 -2.123932e+10
13 184 1.907051e+10
13 185 1.869658e+10
13 186 2.901709e+10
13 187 7.478632e+09
13 188 4.767628e+10
14 0 -3.365385e+08
14 1 5.205128e+10
14 2 8.413462e+08
14 3 -8.974359e+08
14 4 7.635684e+10
14 5 -7.478632e+08
14 6 4.999466e+10
14 7 5.795940e+09
14 8 1.768697e+10
14 9 -1.448985e+10
14 10 -2.861023e-06
14 11 1.778419e+11
14 12 4.487179e+09
14 13 1.525879e-05
14 14 3.151496e+11
14 15 -4.887581e-06
14 16 1.646795e+11
14 17 -4.487179e+09
14 18 -4.708767e-06
14 19 1.078419e+11
14 20 3.739316e+09
14 21 9.647436e+09
14 22 -8.465812e+10
14 23 -1.869658e+10
14 24 -3.739316e+09
14 25 -6.162393e+10
14 26 -1.907051e+10
14 27 -2.123932e+10
14 28 1.869658e+10
14 29 -7.478632e+09
14 30 5.085470e+09
14 31 1.869658e+10
14 32 7.478632e+09
14 33 -7.702991e+09
14 34 -2.411859e+10
14 35 1.720085e+10
14 36 -5.018162e+10
14 37 -3.739316e+09
14 38 -2.497863e+10
14 39 -3.197115e+10
14 40 -7.478632e+09
14 41 2.901709e+10
14 42 4.767628e+10
14 43 1.907349e-05
14 44 -3.233761e+11
14 45 -8.600427e+10
14 46 1.907349e-05
14 47 -2.065598e+11
14 48 -6.356838e+10
14 49 -7.629395e-06
14 50 -1.379060e+11
14 51 1.869658e+10
14 52 1.239777e-05
14 53 -5.728632e+10
14 54 1.869658e+10
14 155 3.365385e+08
14 156 5.205128e+10
14 157 8.413462e+08
14 158 8.974359e+08
14 159 7.635684e+10
14 160 7.478632e+08
14 161 4.999466e+10
14 162 -8.413462e+08
14 163 -5.795940e+09
14 164 1.768697e+10
14 165 -1.448985e+10
14 166 -7.478632e+09
14 167 -7.702991e+09
14 168 -2.411859e+10
14 169 -1.720085e+10
14 170 -5.018162e+10
14 171 3.739316e+09
14 172 -2.497863e+10
14 173 -3.197115e+10
14 174 7.478632e+09
14 175 2.901709e+10
14 176 4.767628e+10
14 177 -9.647436e+09
14 178 -8.465812e+10
14 179 -1.869658e+10
14 180 3.739316e+09
14 181 -6.162393e+10
14 182 -1.869658e+10
14 183 1.907051e+10
14 184 -2.123932e+10
14 185 1.869658e+10
14 186 7.478632e+09
14 187 5.085470e+09
14 188 1.869658e+10
15 0 1.768697e+10
15 1 -5.795940e+09
15 2 1.448985e+10
15 3 4.999466e+10
15 4 7.478632e+08
15 5 1.646795e+11
15 6 -1.549721e-06
15 7 1.078419e+11
15 8 2.026558e-06
15 9 -3.739316e+09
15 10 1.041026e+11
15 11 -4.887581e-06
15 12 8.344650e-07
15 13 1.527137e+11
15 14 -3.933907e-06
15 15 6.302991e+11
15 16 0.000000e+00
15 17 6.103516e-05
15 18 3.556838e+11
15 19 -3.814697e-06
15 20 -1.049042e-05
15 21 -2.123932e+10
15 22 1.907051e+10
15 23 -1.869658e+10
15 24 -2.497863e+10
15 25 3.739316e+09
15 26 -1.379060e+11
15 27 0.000000e+00
15 28 -1.869658e+10
15 29 2.901709e+10
15 30 7.478632e+09
15 31 -4.767628e+10
15 32 5.085470e+09
15 33 7.478632e+09
15 34 -1.869658e+10
15 35 -6.162393e+10
15 36 3.739316e+09
15 37 -2.065598e+11
15 38 -1.525879e-05
15 39 6.356838e+10
15 40 -5.728632e+10
15 41 -6.675720e-06
15 42 -1.869658e+10
15 43 -1.693162e+11
15 44 7.629395e-06
15 45 7.629395e-06
15 46 -1.003632e+11
15 47 1.144409e-05
15 48 2.479553e-05
15 49 -6.467521e+11
15 50 5.245209e-06
15 51 3.051758e-05
15 52 -1.540598e+10
15 53 1.239777e-05
15 54 -1.525879e-05
15 55 4.999466e+10
15 56 -7.478632e+08
15 57 1.768697e+10
15 58 5.795940e+09
15 59 1.448985e+10
15 60 1.527137e+11
15 61 -8.344650e-07
15 62 1.144409e-05
15 63 1.041026e+11
15 64 1.013279e-06
15 65 3.576279e-06
15 66 -2.497863e+10
15 67 -3.739316e+09
15 68 -2.123932e+10
15 69 -1.907051e+10
15 70 -1.869658e+10
15 71 2.901709e+10
15 72 -7.478632e+09
15 73 -4.767628e+10
15 74 -6.162393e+10
15 75 -3.739316e+09
15 76 1.869658e+10
15 77 5.085470e+09
15 78 -7.478632e+09
15 79 -1.869658e+10
15 80 -1.003632e+11
15 81 7.629395e-06
15 82 9.536743e-06
15 83 -1.693162e+11
15 84 -1.907349e-06
15 85 3.814697e-06
15 86 -1.540598e+10
15 87 -9.536743e-07
15 88 -7.629395e-06
15 155 1.768697e+10
15 156 5.795940e+09
15 157 -1.448985e+10
15 158 4.999466e+10
15 159 -7.478632e+08
15 160 1.646795e+11
15 161 1.192093e-07
15 162 -4.487179e+09
15 163 1.078419e+11
15 164 1.549721e-06
15 165 3.739316e+09
15 166 5.085470e+09
15 167 -7.478632e+09
15 168 1.869658e+10
15 169 -6.162393e+10
15 170 -3.739316e+09
15 171 -2.065598e+11
15 172 1.907349e-06
15 173 -6.356838e+10
15 174 -5.728632e+10
15 175 -2.861023e-06
15 176 1.869658e+10
15 177 -2.123932e+10
15 178 -1.907051e+10
15 179 1.869658e+10
15 180 -2.497863e+10
15 181 -3.739316e+09
15 182 -3.197115e+10
15 183 -1.379060e+11
15 184 -3.814697e-06
15 185 1.869658e+10
15 186 2.901709e+10
15 187 -7.478632e+09
15 188 4.767628e+10
15 189 4.999466e+10
15 190 7.478632e+08
15 191 -8.413462e+08
15 192 1.768697e+10
15 193 -5.795940e+09
15 194 -1.448985e+10
15 195 -6.162393e+10
15 196 3.739316e+09
15 197 -1.869658e+10
15 198 5.085470e+09
15 199 7.478632e+09
15 200 1.869658e+10
15 201 -2.497863e+10
15 202 3.739316e+09
15 203 -3.197115e+10
15 204 -2.123932e+10
15 205 1.907051e+10
15 206 1.869658e+10
15 207 2.901709e+10
15 208 7.478632e+09
15 209 4.767628e+10
16 0 -5.795940e+09
16 1 1.768697e+10
16 2 1.448985e+10
16 3 7.478632e+08
16 4 4.999466e+10
16 5 -9.536743e-07
16 6 1.527137e+11
16 7 1.251698e-06
16 8 1.041026e+11
16 9 -7.152557e-06
16 10 -6.079674e-06
16 11 1.078419e+11
16 12 -3.739316e+09
16 13 -7.033348e-06
16 14 1.646795e+11
16 15 0.000000e+00
16 16 6.302991e+11
16 17 1.525879e-05
16 18 -4.768372e-06
16 19 3.556838e+11
16 20 -1.430511e-06
16 21 1.907051e+10
16 22 -2.123932e+10
16 23 -1.869658e+10
16 24 3.739316e+09
16 25 -6.162393e+10
16 26 1.907349e-06
16 27 -1.693162e+11
16 28 2.288818e-05
16 29 7.478632e+09
16 30 5.085470e+09
16 31 -1.869658e+10
16 32 7.478632e+09
16 33 2.901709e+10
16 34 -4.767628e+10
16 35 3.739316e+09
16 36 -2.497863e+10
16 37 -7.629395e-06
16 38 -1.003632e+11
16 39 1.144409e-05
16 40 -2.861023e-06
16 41 -1.540598e+10
16 42 -1.525879e-05
16 43 5.722046e-06
16 44 -1.379060e+11
16 45 -1.869658e+10
16 46 1.144409e-05
16 47 -2.065598e+11
16 48 6.356838e+10
16 49 4.291534e-06
16 50 -6.467521e+11
16 51 8.392334e-05
16 52 1.335144e-05
16 53 -5.728632e+10
16 54 -1.869658e+10
16 55 -7.478632e+08
16 56 4.999466e+10
16 57 5.795940e+09
16 58 1.768697e+10
16 59 -1.448985e+10
16 60 -3.218651e-06
16 61 1.646795e+11
16 62 -4.487179e+09
16 63 -1.490116e-06
16 64 1.078419e+11
16 65 3.739316e+09
16 66 -3.739316e+09
16 67 -6.162393e+10
16 68 -1.907051e+10
16 69 -2.123932e+10
16 70 1.869658e+10
16 71 -7.478632e+09
16 72 5.085470e+09
16 73 1.869658e+10
16 74 -3.739316e+09
16 75 -2.497863e+10
16 76 -3.197115e+10
16 77 -7.478632e+09
16 78 2.901709e+10
16 79 4.767628e+10
16 80 1.144409e-05
16 81 -2.065598e+11
16 82 -6.356838e+10
16 83 -1.907349e-06
16 84 -1.379060e+11
16 85 1.869658e+10
16 86 0.000000e+00
16 87 -5.728632e+10
16 88 1.869658e+10
16 155 5.795940e+09
16 156 1.768697e+10
16 157 1.448985e+10
16 158 -7.478632e+08
16 159 4.999466e+10
16 160 2.026558e-06
16 161 1.527137e+11
16 162 2.098083e-05
16 163 2.443790e-06
16 164 1.041026e+11
16 165 7.867813e-06
16 166 -7.478632e+09
16 167 2.901709e+10
16 168 -4.767628e+10
16 169 -3.739316e+09
16 170 -2.497863e+10
16 171 0.000000e+00
16 172 -1.003632e+11
16 173 1.049042e-05
16 174 -9.536743e-07
16 175 -1.540598e+10
16 176 0.000000e+00
16 177 -1.907051e+10
16 178 -2.123932e+10
16 179 -1.869658e+10
16 180 -3.739316e+09
16 181 -6.162393e+10
16 182 1.869658e+10
16 183 1.907349e-06
16 184 -1.693162e+11
16 185 0.000000e+00
16 186 -7.478632e+09
16 187 5.085470e+09
16 188 -1.869658e+10
16 189 7.478632e+08
16 190 4.999466e+10
16 191 -8.413462e+08
16 192 -5.795940e+09
16 193 1.768697e+10
16 194 -1.448985e+10
16 195 3.739316e+09
16 196 -2.497863e+10
16 197 -3.197115e+10
16 198 7.478632e+09
16 199 2.901709e+10
16 200 4.767628e+10
16 201 3.739316e+09
16 202 -6.162393e+10
16 203 -1.869658e+10
16 204 1.907051e+10
16 205 -2.123932e+10
16 206 1.869658e+10
16 207 7.478632e+09
16 208 5.085470e+09
16 209 1.869658e+10
17 0 1.448985e+10
17 1 1.448985e+10
17 2 3.928152e+10
17 3 -8.413462e+08
17 4 -8.413462e+08
17 5 -4.487179e+09
17 6 9.536743e-06
17 7 -3.739316e+09
17 8 -1.907349e-06
17 9 2.413355e+11
17 10 7.867813e-06
17 11 -3.739316e+09
17 12 2.413355e+11
17 13 1.335144e-05
17 14 -4.487179e+09
17 15 6.866455e-05
17 16 1.525879e-05
17 17 1.399850e+12
17 18 3.814697e-06
17 19 4.291534e-06
17 20 8.664744e+11
17 21 -1.869658e+10
17 22 -1.869658e+10
17 23 -1.236966e+11
17 24 2.411859e+10
17 25 1.869658e+10
17 26 -1.869658e+10
17 27 7.629395e-06
17 28 -5.252991e+11
17 29 -4.767628e+10
17 30 -1.869658e+10
17 31 7.613248e+10
17 32 -1.869658e+10
17 33 -4.767628e+10
17 34 7.613248e+10
17 35 1.869658e+10
17 36 2.411859e+10
17 37 8.600427e+10
17 38 2.002716e-05
17 39 -1.710363e+11
17 40 -1.869658e+10
17 41 -7.629395e-06
17 42 8.667735e+10
17 43 3.814697e-06
17 44 -1.869658e+10
17 45 -5.252991e+11
17 46 1.049042e-05
17 47 8.600427e+10
17 48 -1.710363e+11
17 49 7.629395e-06
17 50 4.196167e-05
17 51 -2.115556e+12
17 52 -1.907349e-05
17 53 -1.869658e+10
17 54 8.667735e+10
17 55 -8.413462e+08
17 56 8.413462e+08
17 57 1.448985e+10
17 58 -1.448985e+10
17 59 3.928152e+10
17 60 5.722046e-06
17 61 4.487179e+09
17 62 3.333226e+11
17 63 3.218651e-06
17 64 3.739316e+09
17 65 2.413355e+11
17 66 2.411859e+10
17 67 -1.869658e+10
17 68 -1.869658e+10
17 69 1.869658e+10
17 70 -1.236966e+11
17 71 -4.767628e+10
17 72 1.869658e+10
17 73 7.613248e+10
17 74 1.869658e+10
17 75 -2.411859e+10
17 76 -8.779915e+10
17 77 -1.869658e+10
17 78 4.767628e+10
17 79 7.613248e+10
17 80 1.811981e-05
17 81 -8.600427e+10
17 82 -1.710363e+11
17 83 1.144409e-05
17 84 1.869658e+10
17 85 -5.252991e+11
17 86 -1.144409e-05
17 87 1.869658e+10
17 88 8.667735e+10
17 155 -1.448985e+10
17 156 1.448985e+10
17 157 3.928152e+10
17 158 8.413462e+08
17 159 -8.413462e+08
17 160 4.487179e+09
17 161 1.907349e-05
17 162 3.333226e+11
17 163 3.739316e+09
17 164 7.748604e-06
17 165 2.413355e+11
17 166 1.869658e+10
17 167 -4.767628e+10
17 168 7.613248e+10
17 169 -1.869658e+10
17 170 2.411859e+10
17 171 -8.600427e+10
17 172 8.583069e-06
17 173 -1.710363e+11
17 174 1.869658e+10
17 175 -7.629395e-06
17 176 8.667735e+10
17 177 1.869658e+10
17 178 -1.869658e+10
17 179 -1.236966e+11
17 180 -2.411859e+10
17 181 1.869658e+10
17 182 -8.779915e+10
17 183 1.869658e+10
17 184 0.000000e+00
17 185 -5.252991e+11
17 186 4.767628e+10
17 187 -1.869658e+10
17 188 7.613248e+10
17 189 8.413462e+08
17 190 8.413462e+08
17 191 1.050561e+11
17 192 -1.448985e+10
17 193 -1.448985e+10
17 194 3.928152e+10
17 195 -1.869658e+10
17 196 -2.411859e+10
17 197 -8.779915e+10
17 198 1.869658e+10
17 199 4.767628e+10
17 200 7.613248e+10
17 201 -2.411859e+10
17 202 -1.869658e+10
17 203 -8.779915e+10
17 204 1.869658e+10
17 205 1.869658e+10
17 206 -1.236966e+11
17 207 4.767628e+10
17 208 1.869658e+10
17 209 7.613248e+10
18 0 4.999466e+10
18 1 7.478632e+08
18 2 -8.413462e+08
18 3 1.768697e+10
18 4 -5.795940e+09
18 5 1.078419e+11
18 6 3.218651e-06
18 7 1.646795e+11
18 8 5.006790e-06
18 9 -4.487179e+09
18 10 1.527137e+11
18 11 -4.053116e-06
18 12 -7.629395e-06
18 13 1.041026e+11
18 14 -5.304813e-06
18 15 3.556838e+11
18 16 -2.861023e-06
18 17 4.768372e-06
18 18 6.302991e+11
18 19 1.144409e-05
18 20 -6.103516e-05
18 21 -2.123932e+10
18 22 1.907051e+10
18 23 1.869658e+10
18 24 2.901709e+10
18 25 7.478632e+09
18 26 -1.379060e+11
18 27 -1.907349e-06
18 28 1.869658e+10
18 29 -2.497863e+10
18 30 3.739316e+09
18 31 -3.197115e+10
18 32 -6.162393e+10
18 33 3.739316e+09
18 34 -1.869658e+10
18 35 5.085470e+09
18 36 7.478632e+09
18 37 -5.728632e+10
18 38 -6.675720e-06
18 39 1.869658e+10
18 40 -2.065598e+11
18 41 -2.288818e-05
18 42 -6.356838e+10
18 43 -1.693162e+11
18 44 3.814697e-06
18 45 3.814697e-06
18 46 -1.540598e+10
18 47 1.335144e-05
18 48 1.525879e-05
18 49 -6.467521e+11
18 50 -4.768372e-07
18 51 -1.525879e-05
18 52 -1.003632e+11
18 53 1.907349e-05
18 54 -9.536743e-06
18 55 1.768697e+10
18 56 5.795940e+09
18 57 4.999466e+10
18 58 -7.478632e+08
18 59 -8.413462e+08
18 60 1.041026e+11
18 61 2.026558e-06
18 62 2.264977e-06
18 63 1.527137e+11
18 64 -1.549721e-06
18 65 -3.814697e-06
18 66 2.901709e+10
18 67 -7.478632e+09
18 68 -2.123932e+10
18 69 -1.907051e+10
18 70 1.869658e+10
18 71 -2.497863e+10
18 72 -3.739316e+09
18 73 -3.197115e+10
18 74 5.085470e+09
18 75 -7.478632e+09
18 76 1.869658e+10
18 77 -6.162393e+10
18 78 -3.739316e+09
18 79 -1.869658e+10
18 80 -1.540598e+10
18 81 9.536743e-07
18 82 -7.629395e-06
18 83 -1.693162e+11
18 84 -3.814697e-06
18 85 -3.814697e-06
18 86 -1.003632e+11
18 87 7.629395e-06
18 88 -2.384186e-05
18 155 4.999466e+10
18 156 -7.478632e+08
18 157 8.413462e+08
18 158 1.768697e+10
18 159 5.795940e+09
18 160 1.078419e+11
18 161 5.960464e-08
18 162 -3.739316e+09
18 163 1.646795e+11
18 164 1.072884e-06
18 165 4.487179e+09
18 166 -6.162393e+10
18 167 -3.739316e+09
18 168 1.869658e+10
18 169 5.085470e+09
18 170 -7.478632e+09
18 171 -5.728632e+10
18 172 -9.536743e-07
18 173 -1.869658e+10
18 174 -2.065598e+11
18 175 0.000000e+00
18 176 6.356838e+10
18 177 -2.123932e+10
18 178 -1.907051e+10
18 179 -1.869658e+10
18 180 2.901709e+10
18 181 -7.478632e+09
18 182 -4.767628e+10
18 183 -1.379060e+11
18 184 3.814697e-06
18 185 -1.869658e+10
18 186 -2.497863e+10
18 187 -3.739316e+09
18 188 3.197115e+10
18 189 1.768697e+10
18 190 -5.795940e+09
18 191 1.448985e+10
18 192 4.999466e+10
18 193 7.478632e+08
18 194 8.413462e+08
18 195 5.085470e+09
18 196 7.478632e+09
18 197 -1.869658e+10
18 198 -6.162393e+10
18 199 3.739316e+09
18 200 1.869658e+10
18 201 2.901709e+10
18 202 7.478632e+09
18 203 -4.767628e+10
18 204 -2.123932e+10
18 205 1.907051e+10
18 206 -1.869658e+10
18 207 -2.497863e+10
18 208 3.739316e+09
18 209 3.197115e+10
19 0 7.478632e+08
19 1 4.999466e+10
19 2 -8.413462e+08
19 3 -5.795940e+09
19 4 1.768697e+10
19 5 1.788139e-06
19 6 1.041026e+11
19 7 4.529953e-06
19 8 1.527137e+11
19 9 9.536743e-06
19 10 -5.960464e-06
19 11 1.646795e+11
19 12 -4.487179e+09
19 13 -4.410744e-06
19 14 1.078419e+11
19 15 -5.722046e-06
19 16 3.556838e+11
19 17 -4.768372e-07
19 18 1.144409e-05
19 19 6.302991e+11
19 20 -3.814697e-05
19 21 1.907051e+10
19 22 -2.123932e+10
19 23 1.869658e+10
19 24 7.478632e+09
